"","postal_code","CP.y2020.m1","CP.y2020.m2","CP.y2020.m3","CP.y2020.m4","CP.y2020.m5","CP.y2020.m6","CP.y2020.m7","CP.y2020.m8","CP.y2020.m9","CP.y2020.m10","CP.y2020.m11","CP.y2020.m12","CP.y2021.m1","CP.y2021.m2","CP.y2021.m3","CP.y2021.m4","CP.y2021.m5","CP.y2021.m6","CP.y2021.m7","CP.y2021.m8","CP.y2021.m9","CP.y2021.m10","CP.y2021.m11","CP.y2021.m12","CP.y2022.m1","CP.y2022.m2","CP.y2022.m3","CP.y2022.m4","CP.y2022.m5","CP.y2022.m6","CP.y2022.m7","CP.y2022.m8","CP.y2022.m9","CP.y2022.m10","CP.y2022.m11","CP.y2022.m12","EV.y2020.m1","EV.y2020.m2","EV.y2020.m3","EV.y2020.m4","EV.y2020.m5","EV.y2020.m6","EV.y2020.m7","EV.y2020.m8","EV.y2020.m9","EV.y2020.m10","EV.y2020.m11","EV.y2020.m12","EV.y2021.m1","EV.y2021.m2","EV.y2021.m3","EV.y2021.m4","EV.y2021.m5","EV.y2021.m6","EV.y2021.m7","EV.y2021.m8","EV.y2021.m9","EV.y2021.m10","EV.y2021.m11","EV.y2021.m12","EV.y2022.m1","EV.y2022.m2","EV.y2022.m3","EV.y2022.m4","EV.y2022.m5","EV.y2022.m6","EV.y2022.m7","EV.y2022.m8","EV.y2022.m9","EV.y2022.m10","EV.y2022.m11","EV.y2022.m12"
"2064",6176,0,0,0,0,0,0,1,0,0,0,0,0,0,1,1,1,1,1,1,1,1,1,1,1,1,1,1,1,1,1,1,1,1,1,1,1,16,15,15,15,16,18,18,20,19,20,20,21,20,21,21,22,22,22,24,24,25,24,27,27,32,32,36,38,40,45,47,51,52,54,55,56
"2067",6199,25,29,30,30,30,30,31,28,27,27,27,27,30,36,38,39,34,36,38,35,35,36,36,36,38,41,47,50,48,39,48,51,52,53,58,69,60,61,62,63,63,66,64,67,78,78,78,81,92,91,95,100,101,118,124,129,137,142,147,147,162,162,167,171,173,176,174,180,180,183,180,170
"2068",6191,10,12,12,12,12,12,13,11,11,11,11,11,12,15,16,16,14,15,16,14,14,15,15,15,16,17,19,20,20,16,20,21,21,22,24,28,62,66,66,68,67,67,69,71,76,81,85,89,92,95,102,106,108,115,123,126,129,132,133,139,142,148,160,162,170,171,179,181,183,187,189,192
"2069",6155,1,1,1,1,1,1,1,1,1,1,1,1,1,1,1,1,1,1,1,1,1,1,1,1,1,1,1,1,2,2,2,2,2,2,2,2,48,49,51,50,54,54,56,55,58,59,60,60,62,62,63,65,66,71,83,75,78,82,81,81,84,85,92,93,97,100,99,98,101,107,110,115
"2070",6174,1,1,1,1,1,1,1,1,1,1,1,1,1,1,1,1,1,1,1,1,1,1,1,1,1,1,1,1,2,2,2,2,2,2,2,2,48,48,50,50,50,52,51,52,57,58,60,62,62,65,69,85,102,104,111,112,119,118,120,122,128,125,130,133,136,145,155,159,165,166,167,170
"2071",6365,8,9,9,10,10,10,10,9,8,8,8,9,9,9,10,9,9,10,10,11,12,11,12,12,12,12,13,13,15,16,17,18,19,19,20,23,20,21,24,26,28,28,27,31,31,34,34,35,37,37,40,42,43,43,48,51,54,57,59,60,65,69,74,75,79,81,84,85,86,89,91,99
"2072",6451,2,2,2,2,2,2,2,2,2,2,2,2,2,2,2,2,2,2,2,2,2,2,2,3,3,3,3,3,3,3,4,4,4,4,4,5,17,18,19,23,22,21,23,21,24,27,25,25,26,24,23,24,23,24,27,29,30,31,32,33,35,36,36,37,38,41,40,44,44,46,48,50
"2073",6456,1,1,1,1,1,1,1,1,1,1,1,1,1,1,1,1,1,1,1,1,1,1,1,1,1,1,1,1,2,2,2,2,2,2,2,2,12,14,15,17,16,16,17,18,18,18,18,22,22,22,24,27,28,28,28,30,31,32,34,35,35,35,35,36,35,40,41,42,43,42,43,43
"2074",6438,2,2,2,2,2,2,2,2,2,2,2,2,2,2,2,2,2,2,2,2,2,2,2,3,3,3,3,3,3,3,4,4,4,4,4,5,10,12,13,14,14,16,16,18,18,20,21,21,22,23,26,27,27,27,29,30,30,32,33,33,37,39,40,39,40,41,42,42,42,42,44,45
"2075",6439,5,6,6,7,7,7,7,6,6,6,6,6,6,6,7,6,6,7,7,8,8,8,8,9,9,8,9,9,11,11,12,12,13,13,13,16,8,8,8,8,9,9,10,10,9,9,9,9,9,9,9,10,11,10,10,9,10,12,12,12,12,13,15,15,15,15,15,14,14,14,14,14
"2076",6333,3,3,3,4,4,4,4,3,3,3,3,3,3,3,4,3,3,4,4,4,4,4,4,5,5,4,5,5,6,6,6,7,7,7,7,8,6,6,6,6,6,6,6,6,6,6,6,7,7,7,7,7,9,9,9,9,9,9,8,8,8,9,9,10,10,11,10,10,10,11,12,12
"2077",6336,2,2,2,3,3,3,3,2,2,2,2,2,2,2,3,2,2,3,3,3,3,3,3,3,3,3,3,3,4,4,4,5,5,5,5,6,32,34,34,34,34,36,39,39,41,45,46,51,52,53,54,55,55,60,61,64,65,65,68,68,68,69,72,72,74,80,82,85,84,88,91,89
"2078",6363,1,1,1,1,1,1,1,1,1,1,1,1,1,1,1,1,1,1,1,1,1,1,1,1,1,1,1,1,2,2,2,2,2,2,2,2,1,1,1,1,1,1,1,1,1,1,1,1,1,1,2,2,3,5,5,5,5,6,7,8,9,9,10,11,11,11,11,12,13,13,14,14
"2079",6361,7,8,8,9,9,9,9,8,7,7,7,8,8,8,9,8,8,9,9,10,10,10,10,11,11,11,11,12,14,14,15,16,17,17,18,21,6,5,5,5,5,5,7,9,9,9,9,9,10,10,10,10,14,15,15,16,17,17,18,18,17,18,19,19,21,24,25,25,25,26,27,30
"2080",6436,1,1,1,1,1,1,1,1,1,1,1,1,1,1,1,1,1,1,1,1,1,1,1,1,1,1,1,1,2,2,2,2,2,2,2,2,1,1,1,2,2,2,2,2,3,3,3,4,4,4,5,4,5,4,6,6,7,7,8,8,8,9,8,8,8,7,7,8,8,8,8,8
"2081",6447,1,1,1,1,1,1,1,1,1,1,1,1,1,1,1,1,1,1,1,1,1,1,1,1,1,1,1,1,2,2,2,2,2,2,2,2,3,3,3,3,3,3,3,3,3,3,3,3,3,3,3,3,3,3,3,4,4,4,4,4,3,3,3,3,3,3,3,3,3,4,4,4
"2096",5953,10,10,9,9,9,9,11,6,6,8,10,8,8,12,14,10,11,10,9,8,6,6,6,8,10,10,13,13,12,8,10,10,14,16,20,24,14,15,16,14,14,14,15,17,18,19,19,21,22,23,24,26,26,27,29,30,32,35,34,45,43,44,46,48,51,56,55,55,56,53,53,58
"2097",6561,71,71,71,72,72,72,76,67,65,68,68,75,76,74,79,77,75,75,76,80,78,93,97,99,103,110,122,131,130,110,112,116,116,115,115,122,10,10,10,11,13,13,14,14,14,14,14,13,14,14,15,14,14,14,14,15,15,16,19,20,21,21,24,25,24,25,27,28,29,33,34,34
"2098",5851,4,5,4,5,5,4,5,5,5,5,5,5,5,6,7,6,6,6,7,7,7,7,7,7,8,8,9,9,9,10,11,9,9,9,10,12,27,31,32,31,32,34,39,43,45,50,52,53,53,55,56,55,59,64,70,75,76,81,81,84,87,87,95,97,104,113,117,120,123,126,131,135
"2099",5855,5,6,5,6,6,5,6,5,5,5,5,6,6,7,9,7,7,7,8,8,8,8,8,8,10,10,11,11,11,12,13,11,11,11,12,14,14,14,13,14,15,16,16,17,17,17,19,19,19,19,20,22,24,25,25,25,26,27,29,31,39,39,40,39,37,41,43,44,45,44,44,44
"2100",5856,1,1,1,1,1,1,1,1,1,1,1,1,1,1,1,1,1,1,1,1,1,1,1,1,2,2,2,2,2,2,2,2,2,2,2,2,15,15,16,16,17,18,18,18,21,22,22,23,24,25,27,27,27,28,30,31,31,33,33,33,34,36,36,39,46,51,54,54,56,56,57,56
"2101",5854,13,14,13,14,14,13,14,13,13,13,13,14,15,16,21,17,18,18,19,20,19,20,20,20,24,23,26,27,27,30,32,27,27,27,28,35,17,19,19,19,18,21,23,22,23,22,23,22,24,22,22,21,20,19,22,24,22,22,23,24,26,26,26,29,30,32,33,34,38,40,41,40
"2102",5853,1,1,1,1,1,1,1,1,1,1,1,1,1,1,1,1,1,1,1,1,1,1,1,1,2,2,2,2,2,2,2,2,2,2,2,2,5,5,6,6,6,6,6,6,6,6,6,6,7,7,7,7,8,8,8,8,8,8,8,9,9,9,9,9,9,9,11,11,11,12,12,12
"2103",6441,8,8,8,8,8,8,8,8,8,8,8,8,8,8,10,10,10,10,11,10,12,12,12,12,12,12,13,13,13,13,14,14,14,14,14,14,11,12,12,12,11,12,12,15,16,15,14,17,19,18,17,17,18,19,19,19,18,19,20,22,23,23,23,23,24,26,29,29,31,31,31,31
"2104",6446,3,3,3,3,3,3,3,3,3,3,3,3,3,3,3,3,3,3,4,4,4,4,4,4,4,4,5,5,5,5,5,5,5,5,5,5,10,11,11,11,11,11,13,13,13,13,12,13,14,14,14,14,14,15,16,18,19,19,21,21,20,20,20,21,22,22,24,24,25,25,26,27
"2105",6443,7,7,7,7,7,7,7,7,7,7,7,7,7,7,8,8,8,8,9,9,10,10,10,10,10,11,11,11,11,11,12,12,12,12,12,12,6,6,9,9,10,10,10,10,10,9,9,10,10,10,11,11,11,11,11,11,11,12,12,12,12,13,15,17,17,21,21,23,23,22,23,23
"2107",6444,4,4,4,4,4,4,4,3,3,3,3,3,3,3,4,4,4,4,5,4,5,5,5,5,5,5,6,6,6,6,6,6,6,6,6,6,6,6,7,7,7,7,8,9,9,8,8,7,7,7,7,7,8,8,8,7,7,11,12,14,14,14,14,15,18,18,18,18,17,17,18,18
"2109",6445,5,5,5,5,5,5,5,4,4,4,4,4,4,4,6,6,6,6,6,6,7,7,7,7,7,7,7,7,8,8,8,8,8,8,8,8,27,27,28,30,31,31,33,35,36,38,41,44,39,43,43,44,47,51,52,56,59,57,59,61,63,66,67,69,68,67,67,68,69,71,72,73
"2110",6102,3,3,3,3,3,3,3,3,3,3,3,3,3,3,3,3,3,3,4,3,3,3,4,4,4,4,5,5,4,4,5,5,5,5,5,8,38,38,39,39,41,42,43,46,46,48,51,52,54,56,63,65,74,81,84,88,88,88,88,90,94,95,101,107,110,111,117,118,119,119,121,124
"2111",6104,1,1,1,1,2,2,2,1,1,1,1,1,2,1,1,2,1,1,2,2,2,2,2,2,2,2,2,3,2,2,2,2,2,3,3,4,45,49,51,53,54,57,58,63,65,67,70,77,78,79,82,87,90,94,99,100,103,106,109,113,121,123,127,133,137,142,144,148,152,154,162,164
"2112",6105,1,1,1,1,1,1,1,1,1,1,1,1,1,1,1,1,1,1,1,1,1,1,1,1,1,1,1,1,1,1,1,1,1,1,1,2,35,34,37,38,39,40,43,45,46,46,52,54,56,59,66,67,69,70,71,75,78,86,84,85,85,87,91,94,96,97,97,97,100,100,100,101
"2113",6101,22,22,22,22,24,25,25,23,23,23,23,23,24,23,24,25,24,24,29,27,27,26,29,29,31,30,38,40,35,34,37,37,37,43,44,63,68,66,67,68,69,70,71,72,71,75,79,85,92,98,99,101,103,106,109,114,115,120,125,127,125,128,133,136,137,140,139,142,146,151,152,156
"2114",6112,1,1,1,1,1,1,1,1,1,1,1,1,1,1,1,1,1,1,1,1,1,1,1,1,1,1,1,1,1,1,1,1,1,1,1,2,35,35,35,36,36,36,37,39,40,41,42,45,47,50,50,53,56,57,58,62,63,65,66,69,71,72,73,74,77,80,83,87,100,98,104,108
"2115",6114,5,5,5,5,6,6,6,6,6,6,6,6,6,6,6,6,6,6,7,7,7,7,7,7,8,7,9,10,9,9,9,9,9,11,11,16,31,31,31,31,31,36,37,38,39,39,40,39,41,41,42,43,45,46,45,43,44,45,48,48,51,50,53,50,52,52,55,56,60,61,63,64
"2116",6116,2,2,2,2,2,2,2,2,2,2,2,2,2,2,2,2,2,2,3,3,3,2,3,3,3,3,4,4,3,3,3,3,3,4,4,6,21,21,22,22,21,21,22,21,22,22,23,23,23,23,24,24,25,26,26,25,25,27,27,28,28,30,31,33,32,33,36,38,39,40,44,44
"2117",6118,3,3,3,3,3,3,3,3,3,3,3,3,3,3,3,3,3,3,4,3,3,3,4,4,4,4,5,5,4,4,5,5,5,5,5,8,12,12,12,13,13,14,14,18,18,19,20,20,21,21,21,22,23,23,24,24,23,25,24,25,25,25,28,28,28,26,26,26,26,27,26,26
"2118",6268,2,2,2,2,2,2,2,2,2,2,2,2,2,2,2,2,2,2,2,2,2,2,3,2,2,2,3,3,3,4,4,4,4,4,4,4,7,7,7,9,9,10,11,13,12,11,11,11,13,12,12,12,11,13,14,13,13,14,15,15,16,17,15,17,19,19,24,24,23,25,26,26
"2119",6247,3,3,3,3,3,3,3,3,3,3,3,4,3,3,3,4,4,4,4,4,4,4,4,4,4,4,4,5,5,6,6,6,7,6,6,7,9,9,9,10,11,11,11,11,13,13,13,14,16,17,17,18,18,18,22,22,26,26,26,26,28,30,34,35,34,33,33,33,33,34,34,33
"2120",6255,1,2,2,2,2,2,2,1,1,2,2,2,2,2,2,2,2,2,2,2,2,2,2,2,2,2,2,2,3,3,3,3,4,3,3,3,21,22,23,24,25,25,24,24,24,25,25,26,26,27,29,31,34,36,38,36,38,38,39,42,44,45,49,49,51,51,51,51,55,56,57,59
"2121",6267,5,5,6,6,6,6,6,5,5,6,6,6,6,6,6,6,6,6,6,6,7,6,7,7,7,7,8,8,10,11,10,11,13,10,10,12,212,212,209,204,203,203,216,226,237,238,238,342,318,312,312,312,330,351,393,395,396,396,376,375,376,375,385,386,430,429,434,435,435,436,436,436
"2122",6269,1,1,1,1,1,1,1,1,1,1,1,1,1,1,1,1,1,1,1,1,1,1,2,1,1,1,2,2,2,2,2,2,3,2,2,2,75,80,82,81,79,78,86,89,91,93,96,108,110,111,120,129,127,142,136,133,152,147,152,163,161,159,166,165,162,172,173,166,165,192,171,170
"2123",6245,9,10,11,11,11,11,11,9,9,11,11,12,11,11,11,12,12,12,12,12,13,12,14,13,13,13,15,16,18,20,20,21,24,19,19,22,49,51,51,51,53,55,57,61,62,64,70,72,73,73,74,77,84,82,87,90,92,89,93,96,106,107,108,111,115,123,125,123,126,133,132,135
"2124",6261,1,1,1,1,1,1,1,1,1,1,1,1,1,1,1,1,1,1,1,1,1,1,1,1,1,1,1,1,1,2,1,2,2,1,1,2,26,27,25,24,24,23,23,24,23,24,23,28,28,28,29,29,32,33,34,36,36,40,40,40,40,41,43,44,45,45,48,50,50,52,52,55
"2125",6265,1,1,1,1,1,1,1,1,1,1,1,1,1,1,1,1,1,1,1,1,1,1,2,1,1,1,2,2,2,2,2,2,3,2,2,2,23,24,24,25,24,25,28,29,29,30,33,35,36,40,42,44,44,45,49,48,52,55,57,55,57,57,59,59,63,62,64,65,67,67,69,70
"2126",5763,33,33,35,36,36,38,38,36,35,35,35,39,41,41,44,41,40,41,44,44,54,54,68,66,65,69,70,73,85,93,91,91,91,90,90,104,44,45,50,52,53,55,60,63,70,71,72,74,76,81,82,87,88,93,104,108,109,108,112,113,115,118,133,149,150,154,107,110,112,115,114,117
"2127",6591,9,9,9,10,9,9,9,9,9,9,10,11,11,10,14,15,13,13,14,13,13,16,15,19,19,17,21,20,19,19,20,20,23,25,24,30,6,6,7,8,8,8,10,10,9,9,9,9,10,11,11,11,10,11,11,11,12,13,13,12,15,15,15,17,18,17,18,19,19,20,22,22
"2128",6595,2,2,2,2,2,2,2,2,2,2,2,2,2,2,3,3,3,3,3,3,3,3,3,4,4,4,5,4,4,4,4,4,5,5,5,6,30,30,31,31,31,32,31,33,37,39,40,43,47,48,48,48,49,52,53,56,58,59,61,62,64,66,70,69,74,75,128,129,133,137,138,139
"2129",6596,5,5,5,6,6,6,6,5,5,6,6,7,6,6,8,9,8,8,8,8,8,9,9,11,11,10,13,12,12,12,12,12,14,15,15,18,31,31,31,31,34,36,37,40,38,42,43,45,51,53,54,54,56,56,56,57,62,66,66,71,70,71,75,75,79,83,89,96,101,101,103,104
"2130",6598,10,10,10,11,11,11,11,10,10,11,11,13,12,12,16,17,15,15,16,15,15,18,18,22,22,20,25,24,23,22,23,24,27,29,28,35,50,49,53,54,56,58,61,65,69,71,71,83,83,88,90,95,99,102,107,112,119,120,121,127,134,136,141,145,154,157,167,174,178,184,186,194
"2132",6599,0,0,0,1,0,0,0,0,0,0,1,1,1,1,1,1,1,1,1,1,1,1,1,1,1,1,1,1,1,1,1,1,1,1,1,2,122,146,147,146,146,163,186,178,170,173,192,225,226,230,238,252,258,277,297,309,313,305,314,322,334,339,349,368,392,488,506,510,520,527,535,558
"2133",6281,2,2,3,3,3,3,3,3,3,3,3,3,3,3,3,3,3,3,3,4,5,5,5,5,5,6,6,7,7,8,8,8,8,8,8,9,18,18,17,17,18,19,20,21,21,22,23,23,23,23,23,24,26,25,25,26,26,27,29,30,29,31,32,34,33,35,34,35,35,39,39,40
"2134",6277,2,2,3,3,3,3,3,3,3,3,3,3,3,3,3,3,3,3,3,4,5,5,5,5,5,6,6,7,7,8,8,8,8,8,8,9,17,17,17,17,17,18,18,18,20,22,23,25,25,26,27,26,26,26,28,30,32,32,34,34,32,32,32,32,31,30,30,28,29,28,28,29
"2135",6276,1,1,1,1,1,1,2,2,2,2,2,2,2,2,2,2,2,2,2,2,3,3,3,3,3,3,3,4,4,4,4,4,4,4,4,4,16,15,16,17,18,17,18,18,18,18,18,18,17,17,18,20,20,22,22,21,22,26,26,27,28,28,27,27,27,29,33,32,34,33,35,36
"2136",6271,7,7,9,9,10,10,11,11,11,11,12,12,12,11,12,12,12,12,12,15,19,18,18,18,18,22,23,25,25,26,26,27,28,30,30,30,16,16,16,17,19,19,17,18,18,19,19,21,22,24,25,25,28,28,27,26,25,27,28,30,32,32,32,34,34,36,37,39,41,40,40,41
"2137",6287,1,1,1,1,1,1,1,1,1,1,1,1,1,1,1,1,1,1,1,1,1,1,1,1,1,2,2,2,2,2,2,2,2,2,2,2,58,55,56,59,60,62,61,62,67,69,71,73,73,74,77,76,78,81,81,83,86,89,90,93,97,96,98,99,99,104,107,112,112,116,117,121
"2139",6285,4,4,5,5,5,5,6,6,6,6,6,6,6,6,6,6,6,6,6,8,10,9,9,10,10,12,12,13,13,14,14,15,15,16,16,16,45,46,47,48,48,50,56,63,61,64,68,68,70,73,75,76,79,81,85,86,88,85,85,87,89,92,96,97,109,112,114,117,123,125,130,137
"2140",6286,1,1,1,1,1,1,1,1,1,1,1,1,1,1,1,1,1,1,1,1,1,1,1,1,1,2,2,2,2,2,2,2,2,2,2,2,15,16,16,16,16,17,18,18,19,20,20,20,21,21,21,21,21,22,22,23,23,25,25,26,26,27,27,29,29,29,29,30,32,32,33,32
"2142",6414,3,2,3,3,3,3,3,3,3,3,3,3,3,3,3,3,3,4,4,4,4,4,4,4,4,5,6,6,6,6,7,7,7,7,7,7,40,40,44,45,47,50,48,49,50,52,55,55,57,61,63,62,67,70,71,72,79,81,82,84,91,94,98,98,102,101,106,109,112,117,122,126
"2145",6418,7,7,7,7,8,8,9,8,8,8,8,8,8,8,9,9,10,10,11,11,12,11,12,12,12,13,17,17,16,16,18,19,19,20,20,20,13,13,15,16,16,16,16,17,19,19,20,20,21,21,21,23,28,28,29,28,29,29,31,31,31,33,34,35,35,35,38,41,42,42,42,42
"2147",6415,5,5,5,5,6,6,6,6,6,6,6,6,6,6,6,7,7,7,8,8,9,8,9,9,8,9,12,12,12,11,13,13,14,14,14,15,55,55,59,59,60,61,64,63,64,65,66,69,69,70,69,72,73,75,73,76,78,81,82,88,91,94,97,99,103,111,120,125,130,136,138,142
"2148",6416,6,6,6,6,6,7,7,6,6,7,6,6,7,7,7,8,8,8,9,9,10,9,10,10,10,10,14,14,13,13,15,15,15,16,16,17,28,28,30,31,31,31,38,38,44,48,50,55,55,57,59,61,65,65,65,66,71,76,78,78,85,87,90,94,98,103,106,112,116,123,124,128
"2149",6417,12,12,13,13,14,15,15,14,14,14,14,14,14,15,15,16,17,18,19,20,21,20,21,21,21,22,30,30,28,28,32,33,33,35,35,36,54,56,57,57,57,59,59,62,62,64,67,66,70,71,72,73,81,85,89,89,92,98,105,108,111,115,123,124,127,137,143,148,149,151,151,150
"2150",6432,2,2,2,2,2,2,2,2,2,2,2,2,2,2,2,3,3,3,3,3,3,3,3,3,3,3,5,5,4,4,5,5,5,5,5,6,38,35,35,36,38,40,44,45,47,49,51,57,57,58,57,59,61,62,65,66,66,66,71,71,75,76,79,81,82,84,87,92,99,99,103,106
"2151",6433,4,4,4,4,4,5,5,4,4,4,4,4,4,5,5,5,5,6,6,6,6,6,6,7,6,7,9,9,9,8,10,10,10,11,11,11,67,69,69,68,72,73,79,81,83,88,88,92,91,93,98,98,100,102,106,108,110,113,114,119,124,130,134,137,141,144,142,146,150,155,162,164
"2152",6411,39,39,42,42,44,47,48,44,44,45,45,45,45,47,48,52,54,57,62,64,66,65,67,67,66,71,94,97,90,88,101,104,106,110,111,115,43,44,43,47,49,53,57,61,63,63,65,66,67,68,71,74,77,79,82,84,90,91,93,95,99,100,103,105,108,114,122,127,130,134,136,134
"2153",6412,18,18,19,19,20,21,22,20,20,21,20,20,21,22,22,24,25,26,28,29,30,30,31,31,30,32,43,44,41,40,46,48,49,51,51,53,68,71,75,74,76,74,77,82,85,88,91,105,106,108,112,116,124,131,137,137,139,138,140,149,156,158,158,158,163,173,178,183,190,193,196,202
"2154",6413,6,6,6,6,6,7,7,6,6,7,6,6,7,7,7,8,8,8,9,9,10,9,10,10,10,10,14,14,13,13,15,15,15,16,16,17,53,52,53,55,56,56,56,62,64,65,72,74,78,79,83,84,86,86,89,91,91,86,90,95,101,103,105,106,110,117,119,127,131,135,139,146
"2155",6419,15,15,16,16,17,18,18,17,17,17,17,17,17,18,18,20,20,22,23,24,25,25,25,26,25,27,36,37,34,33,38,40,40,42,42,44,43,45,44,44,45,45,48,52,58,58,60,62,63,64,66,68,70,77,78,78,79,80,82,83,89,92,93,97,96,100,105,108,110,112,114,116
"2156",6422,15,14,15,15,16,17,18,16,16,17,17,17,17,17,18,19,20,21,23,24,25,24,25,25,24,26,35,36,33,33,37,39,39,41,41,43,68,68,70,72,72,74,76,78,82,84,87,89,95,97,98,102,103,109,114,116,124,131,134,136,145,147,147,157,163,168,174,180,183,189,191,192
"2157",6431,3,3,3,3,4,4,4,4,4,4,4,4,4,4,4,4,4,5,5,5,5,5,5,5,5,6,8,8,7,7,8,8,9,9,9,9,10,10,10,10,10,11,12,12,12,14,14,14,15,16,17,17,16,16,15,14,15,16,18,18,19,20,21,22,24,25,24,24,26,26,27,30
"2159",5865,0,0,0,0,0,0,0,0,0,0,0,0,0,1,0,0,0,1,1,1,1,1,1,1,1,1,1,1,1,1,1,1,1,1,1,1,7,7,8,8,8,9,9,9,9,10,11,11,11,11,11,11,11,14,14,16,16,17,17,19,21,20,20,21,22,22,24,24,24,25,27,26
"2160",5871,0,0,0,0,0,0,0,0,0,0,0,0,0,1,0,0,0,1,1,1,1,1,1,1,1,1,1,1,1,1,1,1,1,1,1,1,9,9,9,11,12,12,13,13,14,14,18,27,28,27,22,19,20,22,22,22,27,28,29,27,28,31,32,35,32,34,34,36,36,38,40,42
"2161",5864,0,0,0,0,0,0,0,0,0,0,0,0,0,1,0,0,0,1,1,1,1,1,1,1,1,1,1,1,1,1,1,1,1,1,1,1,5,5,6,6,6,6,6,7,7,8,9,9,10,10,10,11,11,11,11,12,12,13,13,14,12,14,14,15,17,16,18,18,19,20,20,21
"2162",5975,26,27,26,26,26,27,27,27,28,28,27,26,27,32,30,30,30,32,37,46,44,48,50,51,50,53,62,62,64,63,63,63,66,77,76,80,43,45,46,45,45,45,46,46,48,48,42,43,43,45,45,46,45,46,46,46,47,50,50,50,50,50,50,52,53,54,56,56,56,57,58,59
"2163",5976,2,2,2,2,2,2,2,2,2,2,2,2,2,2,2,2,2,2,2,3,3,3,3,3,3,3,4,4,4,4,4,4,4,5,5,5,13,13,13,14,15,16,16,16,16,17,19,19,19,19,19,19,21,26,27,28,29,29,29,31,32,32,34,35,33,33,35,36,38,36,41,41
"2171",5966,3,3,3,3,3,4,4,3,4,4,4,3,4,4,4,4,4,4,5,6,6,6,7,7,6,7,8,8,8,8,8,8,8,10,10,10,99,100,105,108,110,111,114,118,122,122,124,137,140,141,142,148,152,152,160,163,165,173,177,186,191,196,199,202,209,221,226,227,235,251,256,263
"2172",5971,4,5,4,4,4,5,5,5,5,5,5,4,5,5,5,5,5,5,6,8,7,8,9,9,8,9,10,11,11,11,11,11,11,13,13,14,21,21,22,22,21,27,27,26,26,27,28,29,30,31,31,31,31,33,32,32,35,37,37,38,39,39,39,39,40,41,43,44,47,48,50,50
"2173",5962,0,0,0,0,0,0,0,0,0,0,0,0,0,1,0,0,0,1,1,1,1,1,1,1,1,1,1,1,1,1,1,1,1,1,1,1,39,41,42,44,48,48,51,51,53,57,57,58,57,57,59,69,71,74,80,81,81,83,83,84,88,90,91,92,93,95,97,97,98,98,101,103
"2174",5963,3,3,3,3,3,3,3,3,3,3,3,3,3,3,3,3,3,3,4,4,4,5,5,5,5,5,6,6,6,6,6,6,6,7,7,8,13,13,14,14,14,13,12,13,14,14,14,14,14,15,17,17,17,17,18,18,19,18,19,21,23,25,25,25,25,27,26,27,28,28,29,30
"2175",5964,1,1,1,1,1,1,1,1,1,1,1,1,1,1,1,1,1,1,1,1,1,2,2,2,2,2,2,2,2,2,2,2,2,2,2,3,52,54,54,56,56,57,56,58,59,61,63,69,69,70,69,69,71,75,78,78,82,83,83,86,85,86,91,93,94,93,98,98,98,99,101,101
"2176",5961,17,17,17,17,17,18,18,17,18,18,18,17,18,21,19,20,20,21,24,30,28,31,33,33,32,34,40,40,41,40,41,41,42,50,49,52,129,133,134,135,142,144,148,147,155,163,170,181,188,194,199,202,209,214,218,236,240,246,249,253,259,271,283,285,289,290,296,301,306,320,329,338
"2177",6461,8,8,9,9,9,10,10,10,10,10,11,12,13,14,15,15,15,16,17,17,17,17,17,17,16,17,19,20,18,18,19,18,20,26,29,39,82,85,89,90,98,101,104,109,111,115,120,133,131,132,136,141,144,148,149,155,157,154,154,160,171,171,177,182,194,197,203,209,215,220,220,231
"2178",6462,6,6,7,7,8,8,8,8,8,8,9,10,10,11,12,12,12,13,13,14,14,13,13,14,13,14,15,16,14,14,15,15,16,21,24,32,34,33,34,34,37,40,48,50,53,54,55,57,60,59,63,66,65,68,71,72,74,80,82,85,89,94,98,105,106,117,127,127,130,134,140,144
"2179",6463,3,3,3,3,3,3,3,3,3,3,4,4,4,5,5,5,5,5,6,6,6,6,6,6,5,6,6,7,6,6,6,6,7,9,10,13,5,6,6,6,6,6,7,8,11,11,10,11,11,11,12,13,14,15,14,14,14,14,14,15,17,16,17,19,17,19,20,20,20,21,22,25
"2180",6464,3,3,3,3,3,3,3,3,3,3,4,4,4,5,5,5,5,5,6,6,6,6,6,6,5,6,6,7,6,6,6,6,7,9,10,13,52,56,56,56,55,55,53,54,59,59,61,61,64,66,68,69,71,76,76,76,79,84,90,89,90,91,95,101,110,114,127,135,137,146,137,144
"2181",6465,3,3,3,3,4,4,4,4,4,4,4,4,5,5,6,6,6,6,6,7,7,6,6,7,6,6,7,7,7,7,7,7,8,10,11,15,88,90,92,96,97,98,101,110,113,116,122,131,132,136,139,147,152,160,160,155,158,166,169,174,181,190,190,191,202,208,212,218,228,238,239,238
"2182",6466,10,10,11,11,12,14,13,13,13,13,14,15,16,18,19,20,20,21,22,23,23,22,22,23,21,22,25,26,23,23,25,24,26,34,38,51,53,55,55,56,57,58,60,61,62,65,67,71,70,74,75,75,79,82,84,86,90,97,99,100,106,109,113,121,121,123,128,132,137,142,141,147
"2183",6467,3,3,3,3,3,4,4,4,3,4,4,4,4,5,5,5,5,6,6,6,6,6,6,6,6,6,7,7,6,6,7,6,7,9,10,14,25,25,26,23,23,27,30,30,30,31,32,33,34,34,35,35,35,37,39,43,43,43,47,48,50,49,51,51,51,55,59,63,66,65,67,67
"2184",6468,2,2,2,2,2,2,2,2,2,2,2,2,2,3,3,3,3,3,3,3,3,3,3,3,3,3,4,4,3,3,4,3,4,5,6,7,17,16,18,18,19,19,23,23,23,23,24,26,26,26,27,28,29,31,31,32,32,34,35,37,39,40,42,44,46,53,53,56,57,57,60,64
"2185",6469,0,0,0,0,0,0,0,0,0,0,1,1,1,1,1,1,1,1,1,1,1,1,1,1,1,1,1,1,1,1,1,1,1,1,1,2,24,24,24,24,24,24,27,28,28,26,28,31,32,33,35,38,39,40,40,40,41,42,43,47,48,48,50,53,56,56,57,56,58,58,59,61
"2186",6471,3,3,4,4,4,4,4,4,4,4,4,5,5,6,6,6,6,6,7,7,7,7,7,7,7,7,8,8,7,7,8,7,8,10,12,16,34,35,37,39,38,38,40,40,41,47,49,49,52,52,53,55,56,57,60,63,64,62,62,64,67,69,73,76,82,86,91,91,90,94,97,105
"2187",6374,5,5,6,6,6,8,8,8,8,8,8,9,9,9,10,10,10,10,10,11,11,11,11,12,11,12,13,14,15,14,15,15,17,20,21,22,48,48,68,68,69,73,81,81,82,77,82,86,88,89,95,100,106,109,113,114,122,121,124,124,131,135,141,145,146,156,157,162,167,171,173,180
"2188",6373,5,5,6,6,6,9,8,9,9,9,9,10,10,10,11,11,11,11,11,12,12,12,12,13,12,13,14,15,16,15,17,17,18,22,23,24,15,17,17,17,17,20,23,22,23,24,24,26,29,31,31,33,35,35,36,33,35,36,37,40,42,41,43,45,45,47,48,45,44,46,48,52
"2189",6371,3,3,4,4,4,5,5,5,5,5,5,6,6,6,7,6,7,7,7,7,7,7,7,8,7,8,9,9,10,9,10,10,11,13,14,14,28,27,27,28,28,29,31,33,33,34,37,37,38,40,42,45,50,52,54,56,57,58,59,59,60,63,63,63,64,67,69,70,74,76,76,79
"2190",6372,10,10,12,12,12,17,16,17,17,17,17,19,19,19,21,21,22,21,21,23,23,24,24,25,24,26,28,29,31,29,33,33,36,42,45,47,23,23,23,23,24,24,25,24,26,26,29,31,34,38,38,37,40,45,47,48,47,51,53,53,54,56,59,61,62,63,66,68,69,69,71,75
"2191",6011,10,10,10,10,10,10,10,8,8,8,9,8,9,9,11,11,12,12,12,13,14,17,18,18,18,16,23,23,22,22,22,24,24,21,21,21,43,43,45,45,45,46,47,46,46,49,50,50,52,52,52,56,58,65,70,75,81,83,83,86,87,91,94,96,95,99,97,100,101,101,103,110
"2192",6013,1,1,1,1,1,1,1,1,1,1,1,1,1,1,1,1,1,1,1,1,1,1,1,1,1,1,2,2,2,2,2,2,2,2,2,2,8,8,8,8,9,9,10,12,12,13,13,13,14,14,15,16,16,16,16,17,17,17,17,18,19,21,22,22,23,24,24,27,29,31,30,29
"2194",6015,1,1,1,1,1,1,1,1,1,1,1,1,1,1,1,1,1,1,1,1,1,1,1,1,1,1,2,2,2,2,2,2,2,2,2,2,30,30,31,32,32,33,33,34,36,36,38,40,39,40,45,47,49,52,55,55,58,62,64,67,73,75,77,78,85,88,93,95,99,97,99,100
"2195",6088,7,7,7,7,7,7,7,6,6,6,6,6,6,6,8,8,8,8,8,9,10,12,12,12,12,11,15,16,15,15,15,16,16,14,14,14,23,23,26,29,30,30,31,32,35,35,34,36,38,38,40,41,45,45,46,49,49,49,52,53,57,58,60,62,63,62,59,64,66,66,66,67
"2196",6093,4,4,4,4,4,4,4,3,3,3,3,3,3,4,4,4,5,5,5,5,6,7,7,7,7,6,9,9,9,9,9,9,9,8,8,8,27,30,30,31,34,37,37,40,41,45,46,47,49,49,50,54,59,60,61,58,59,58,59,60,61,63,66,67,72,78,84,86,88,92,96,101
"2200",6014,4,4,4,4,4,4,4,3,3,3,3,3,3,3,4,4,4,4,4,5,5,6,6,6,6,6,8,8,8,8,8,8,8,8,8,8,56,59,59,60,62,66,67,70,70,72,75,77,80,80,83,86,95,96,95,93,97,99,102,101,105,108,111,113,109,114,110,111,120,122,124,129
"2201",6085,6,6,7,7,7,7,7,5,5,5,5,5,5,6,7,7,8,8,7,9,9,11,11,11,12,10,15,15,14,14,14,15,15,13,13,13,17,17,19,20,20,24,25,28,29,30,31,32,32,33,34,35,35,36,37,38,38,40,42,42,46,48,49,51,50,52,54,55,56,56,55,58
"2203",6086,2,2,2,2,2,2,2,2,2,2,2,2,2,2,3,3,3,3,3,3,3,4,4,4,4,4,5,6,5,5,5,6,6,5,5,5,45,45,45,44,44,46,50,53,54,55,54,57,57,59,60,60,65,71,75,75,75,79,79,79,76,79,79,80,80,84,89,90,97,103,108,111
"2204",6037,1,1,1,1,1,1,1,1,1,1,1,1,1,1,1,1,1,1,1,1,1,1,1,1,1,1,2,2,2,2,2,2,2,2,2,2,15,15,15,16,17,19,20,21,25,25,25,26,26,26,28,29,30,30,31,31,33,35,35,36,37,40,43,42,42,44,44,46,47,49,51,52
"2205",6095,2,2,2,2,2,2,2,2,2,2,2,2,2,2,3,3,3,3,3,3,3,4,4,4,4,4,5,6,5,5,5,6,6,5,5,5,77,78,83,85,86,88,94,98,105,111,117,124,127,127,133,135,140,151,152,154,160,171,172,180,186,189,193,188,191,200,200,208,206,210,215,214
"2206",6081,4,4,5,5,5,4,4,4,4,4,4,4,4,4,5,5,5,5,5,6,6,8,8,8,8,7,10,10,10,9,9,10,10,9,9,9,21,23,24,24,26,28,30,31,34,34,34,38,38,37,37,38,39,40,44,45,52,52,53,57,60,60,62,64,67,69,72,73,74,75,76,77
"2207",6082,1,1,1,1,1,1,1,1,1,1,1,1,1,1,1,1,1,1,1,1,1,1,1,1,1,1,2,2,2,2,2,2,2,2,2,2,17,17,19,19,19,18,18,18,18,17,18,18,18,19,20,20,21,21,24,25,25,26,26,27,29,30,30,31,34,35,36,37,39,40,41,41
"2208",6097,2,2,2,2,2,2,2,2,2,2,2,2,2,2,2,2,2,2,2,2,2,2,2,2,2,2,3,3,3,3,3,3,4,4,4,4,17,17,19,19,19,20,21,20,20,20,20,20,20,19,19,19,19,19,20,20,24,26,27,29,32,33,33,34,37,37,39,41,45,47,46,47
"2209",6067,2,2,2,2,2,2,2,2,2,2,2,2,2,2,2,2,2,2,2,2,2,2,2,2,2,2,3,3,3,3,3,3,4,4,4,4,12,12,13,12,12,12,12,13,13,15,15,17,17,17,18,21,21,21,21,21,21,22,23,24,26,27,31,36,41,42,44,44,44,45,46,48
"2212",6017,8,9,9,10,10,10,10,9,9,9,8,10,8,8,9,9,9,9,9,9,9,9,9,9,9,10,11,11,11,11,12,14,15,16,16,17,5,6,6,6,6,6,6,6,6,7,8,8,8,9,9,9,9,8,10,12,13,13,13,13,13,13,14,15,16,18,18,18,19,19,19,19
"2213",6019,2,2,2,2,2,2,2,2,2,2,2,2,2,2,2,2,2,2,2,2,2,2,2,2,2,2,2,2,2,2,2,3,3,3,3,3,47,49,52,53,55,59,60,63,64,69,72,73,77,77,81,87,90,97,100,99,107,108,113,114,120,125,133,136,140,145,148,152,157,160,162,164
"2214",6099,2,2,2,2,2,2,2,2,2,2,2,2,2,2,2,2,2,2,2,2,2,2,2,2,2,2,2,2,2,2,2,3,3,3,3,3,7,7,7,7,8,8,8,8,9,9,9,9,9,9,9,9,9,9,9,9,11,11,11,11,11,12,14,14,16,16,17,18,18,19,19,20
"2215",6107,1,1,1,1,1,1,1,1,1,1,1,1,1,1,1,1,1,1,1,1,1,1,1,1,1,1,1,1,1,1,1,1,1,2,2,2,25,26,28,30,30,32,31,32,33,34,35,36,35,37,40,41,43,43,46,49,54,54,56,54,57,57,55,58,57,60,65,67,69,70,74,77
"2216",6051,6,6,6,7,7,7,7,6,6,6,6,7,6,6,6,6,6,6,7,7,6,6,6,6,6,8,8,8,8,8,8,10,11,12,12,12,44,45,45,46,49,49,49,53,52,54,55,59,59,64,65,66,68,73,79,80,84,88,89,92,97,96,99,107,116,119,121,123,124,129,132,134
"2217",6217,7,7,8,8,8,8,8,8,8,8,9,9,9,9,11,11,10,11,11,12,12,12,12,12,11,12,14,14,14,15,18,19,20,20,20,23,11,11,12,12,13,14,16,16,18,18,19,19,19,20,20,20,20,20,21,22,21,21,21,21,21,21,21,20,20,22,25,26,27,28,28,28
"2221",6212,12,13,14,13,13,13,14,14,13,14,15,16,17,16,19,19,18,20,20,21,21,21,21,21,20,21,24,24,24,26,31,33,36,35,36,41,20,21,22,23,23,23,25,25,25,24,24,25,25,26,26,27,28,29,29,29,28,28,29,32,32,34,35,37,37,39,42,41,43,47,45,45
"2222",6222,17,17,19,18,18,18,19,19,18,20,20,22,23,22,26,26,25,27,27,28,28,28,28,28,27,28,33,33,32,35,42,44,48,48,49,56,33,35,40,39,40,40,41,43,42,44,45,46,51,52,53,53,54,56,61,61,64,68,75,80,81,87,90,92,97,101,101,103,102,103,102,107
"2223",6211,35,36,40,38,38,38,40,39,38,41,43,46,47,47,53,53,52,55,57,59,59,60,59,58,56,59,69,68,68,73,88,93,101,99,102,116,24,26,25,25,28,27,30,35,36,37,40,40,41,41,39,42,43,45,45,48,53,57,58,62,64,65,64,66,67,69,71,73,72,72,75,79
"2224",6226,19,19,21,21,20,20,22,21,20,22,23,25,25,25,29,29,28,30,31,32,32,32,32,31,30,32,37,37,36,39,48,50,54,53,55,62,55,56,57,57,59,61,63,64,67,69,73,80,86,87,89,92,93,96,98,103,108,114,116,115,117,119,123,126,132,135,144,154,159,162,161,164
"2225",6227,17,17,19,18,18,18,19,19,18,20,20,22,23,22,26,26,25,27,27,28,28,28,28,28,27,28,33,33,32,35,42,44,48,48,49,56,25,25,25,27,28,29,32,35,38,42,44,44,44,45,46,49,50,51,58,57,60,63,66,69,70,73,73,75,78,80,81,84,84,82,83,85
"2226",6215,10,10,11,11,11,11,11,11,11,11,12,13,13,13,15,15,14,15,16,16,16,16,16,16,16,16,19,19,19,20,25,26,28,28,28,32,6,6,6,6,6,7,7,8,9,9,9,10,10,11,11,11,11,12,12,13,12,12,12,12,13,14,15,15,16,18,20,21,21,21,21,21
"2227",6216,6,6,7,6,6,6,7,7,6,7,7,8,8,8,9,9,9,9,10,10,10,10,10,10,9,10,12,11,11,12,15,16,17,17,17,19,657,662,659,650,642,652,630,634,648,641,652,664,659,663,675,682,692,709,712,721,737,760,775,793,808,812,827,847,860,874,871,892,909,904,917,931
"2228",6221,46,47,53,50,50,50,53,51,50,54,56,60,62,62,70,70,69,73,75,78,78,78,78,77,74,78,91,90,89,96,117,122,133,131,134,153,65,65,66,66,66,64,66,65,65,68,65,69,69,69,71,70,74,78,79,79,81,88,93,95,98,104,111,112,118,117,121,127,127,131,180,189
"2229",6223,1,1,1,1,1,1,1,1,1,1,1,2,2,2,2,2,2,2,2,2,2,2,2,2,2,2,2,2,2,2,3,3,3,3,3,4,25,25,26,26,28,28,32,34,35,37,41,47,50,53,55,57,58,60,62,59,61,63,67,67,72,72,75,77,77,81,86,92,94,96,97,102
"2233",6218,6,7,7,7,7,7,7,7,7,8,8,8,9,9,10,10,10,10,11,11,11,11,11,11,10,11,13,13,13,13,16,17,19,18,19,21,32,31,32,33,36,37,40,41,44,46,46,45,47,48,52,55,55,57,57,59,59,60,64,67,66,68,70,75,79,81,86,90,90,91,94,95
"2235",6219,2,2,3,3,3,3,3,3,3,3,3,3,3,3,4,4,3,4,4,4,4,4,4,4,4,4,5,5,5,5,6,6,7,7,7,8,14,15,15,15,15,15,16,18,19,19,19,20,20,21,22,24,24,24,23,23,22,23,26,26,27,31,37,39,41,45,45,46,47,51,53,55
"2236",6214,4,4,5,4,4,4,5,5,4,5,5,5,6,5,6,6,6,7,7,7,7,7,7,7,7,7,8,8,8,9,10,11,12,12,12,14,48,48,51,50,51,53,58,62,66,68,74,73,72,75,76,82,88,84,84,86,87,86,86,87,88,91,91,93,97,99,100,100,99,103,100,100
"2237",6224,8,8,9,8,8,8,9,9,8,9,9,10,10,10,12,12,11,12,12,13,13,13,13,13,12,13,15,15,15,16,19,20,22,22,22,25,17,21,20,21,24,26,24,27,27,28,30,30,30,31,35,38,38,40,44,47,55,58,60,64,62,65,71,71,72,73,73,77,80,81,83,84
"2238",6225,10,10,11,11,11,11,11,11,11,11,12,13,13,13,15,15,14,15,16,16,16,16,16,16,16,16,19,19,19,20,25,26,28,28,28,32,27,29,29,29,30,30,30,33,33,32,33,34,36,36,37,38,39,41,44,46,50,50,54,56,59,59,62,65,69,73,75,76,79,78,85,88
"2239",6228,9,10,11,10,10,10,11,10,10,11,11,12,13,13,14,14,14,15,15,16,16,16,16,16,15,16,18,18,18,20,24,25,27,27,27,31,20,20,21,20,19,20,21,23,25,27,31,33,32,32,33,36,36,36,36,36,38,39,39,40,42,42,44,44,45,50,55,58,60,65,67,69
"2240",6229,31,32,36,34,34,34,36,35,34,36,38,41,42,42,47,47,46,49,51,53,53,53,53,52,50,52,61,61,60,65,79,83,90,89,91,103,32,35,34,35,37,37,37,41,41,44,46,47,48,50,52,52,52,52,56,58,58,59,60,67,67,70,72,76,76,77,78,80,82,84,91,91
"2241",6213,3,3,3,3,3,3,3,3,3,3,4,4,4,4,4,4,4,5,5,5,5,5,5,5,5,5,6,6,6,6,7,8,8,8,9,10,27,28,30,30,32,32,30,30,32,31,34,34,35,36,39,40,42,43,43,47,49,50,52,53,54,54,56,61,63,64,70,73,75,78,80,80
"2242",6241,3,3,4,4,4,4,5,4,4,5,5,5,5,7,7,6,6,6,7,6,7,7,7,5,7,7,8,8,7,6,6,6,7,8,9,10,1,1,1,1,1,1,0,0,0,0,2,2,3,3,3,4,4,5,5,6,6,5,6,7,8,7,7,7,7,7,7,7,7,7,9,9
"2243",6235,2,2,2,2,2,2,2,2,2,2,2,2,2,3,3,3,3,3,3,3,3,3,3,2,3,3,4,4,3,3,3,3,3,4,4,5,50,49,50,51,52,54,58,58,58,62,62,65,70,70,68,69,71,77,87,96,101,108,110,112,119,128,135,143,154,161,168,172,174,176,182,183
"2244",6231,13,13,15,15,15,17,18,17,17,18,18,20,20,26,27,22,22,22,25,24,27,26,27,20,26,25,30,29,25,24,24,24,25,31,34,40,9,9,10,10,10,10,10,10,11,11,12,13,13,13,13,13,15,15,17,19,21,21,21,21,22,22,23,24,24,26,26,28,29,28,29,29
"2245",6243,1,1,1,1,1,1,1,1,1,1,1,1,1,1,1,1,1,1,1,1,1,1,1,1,1,1,1,1,1,1,1,1,1,2,2,2,21,21,23,24,24,25,25,26,27,27,29,29,29,30,31,33,35,35,38,40,43,43,45,46,48,49,51,51,55,59,62,64,65,65,67,67
"2246",6584,4,4,5,5,5,5,5,4,3,3,3,3,3,3,3,3,3,4,4,4,7,7,7,7,7,7,9,8,9,9,10,10,11,11,11,14,37,37,38,40,40,43,49,51,54,59,61,65,68,69,71,74,78,80,86,90,97,100,104,105,111,116,123,125,132,139,143,152,160,167,168,173
"2247",6585,2,2,3,3,3,3,3,2,2,2,2,2,2,2,2,2,2,2,2,2,4,4,4,4,4,4,5,5,5,5,5,6,6,6,6,8,97,96,98,99,104,104,110,114,118,122,124,127,131,133,139,143,148,156,162,162,167,173,175,181,190,196,205,211,225,238,252,259,266,273,282,285
"2248",6586,2,2,2,2,3,3,3,2,1,1,1,1,1,1,1,1,1,2,2,2,3,3,3,4,3,3,4,4,4,4,5,5,6,6,6,7,42,40,40,39,36,33,38,43,39,41,43,44,48,44,43,38,41,38,45,39,35,32,35,33,35,35,33,32,34,34,33,38,32,32,33,32
"2249",6587,0,0,0,0,1,1,1,0,0,0,0,0,0,0,0,0,0,0,0,0,1,1,1,1,1,1,1,1,1,1,1,1,1,1,1,1,108,108,108,108,107,110,109,112,116,118,120,125,129,130,133,137,141,146,147,152,154,159,160,166,169,174,178,187,182,188,196,200,207,215,219,223
"2250",6031,17,17,17,17,17,17,18,19,14,15,23,21,20,21,20,20,20,20,28,26,26,33,35,40,48,51,54,58,49,42,40,41,40,38,45,53,65,66,68,69,73,73,77,77,77,77,79,82,82,84,88,90,95,96,97,98,100,107,114,119,124,128,129,134,140,145,147,155,161,166,167,176
"2251",6034,0,0,0,0,0,0,0,0,0,0,0,0,0,0,0,0,0,0,1,0,0,1,1,1,1,1,1,1,1,1,1,1,1,1,1,1,59,60,60,62,63,64,65,65,65,65,66,67,71,75,79,81,83,87,87,91,95,98,99,101,103,106,110,115,116,120,122,125,130,130,133,136
"2252",6035,0,0,0,0,0,0,0,0,0,0,0,0,0,0,0,0,0,0,1,0,0,1,1,1,1,1,1,1,1,1,1,1,1,1,1,1,18,18,17,18,18,18,18,18,19,20,21,21,21,21,22,23,24,24,23,25,27,27,30,30,31,31,33,33,33,34,37,38,41,40,42,43
"2253",5768,1,1,2,2,2,2,3,2,2,2,2,2,2,2,2,2,3,3,3,3,3,3,4,4,4,5,5,5,5,5,6,6,6,6,7,8,35,38,40,40,42,44,46,46,47,48,50,53,54,56,58,58,61,65,71,71,77,79,84,84,87,87,92,95,101,105,106,112,114,116,120,122
"2254",5988,1,1,2,2,2,2,3,2,2,2,2,2,2,2,2,2,3,3,3,3,3,3,4,4,4,5,5,5,5,5,6,6,6,6,7,8,18,18,18,17,18,18,18,19,21,21,22,24,24,28,27,28,29,29,30,30,34,35,37,42,44,44,45,44,46,47,48,50,50,52,53,51
"2255",5991,2,2,2,2,2,3,3,3,2,3,3,3,2,2,2,3,3,3,3,3,3,4,4,4,5,5,5,6,6,6,6,6,6,7,7,9,25,26,25,24,24,26,25,26,30,32,33,34,35,36,38,40,43,45,47,51,55,56,60,63,66,68,69,69,71,74,75,75,78,78,82,90
"2256",5981,8,8,10,10,11,13,13,12,11,13,13,12,11,11,12,13,13,14,14,15,14,17,20,20,23,24,26,28,27,27,30,30,30,33,35,43,30,33,32,32,33,32,32,34,35,36,38,39,42,44,43,45,48,49,52,53,52,54,56,59,59,61,65,70,74,81,82,84,83,87,86,89
"2257",5986,3,3,4,4,4,5,5,5,4,5,5,5,4,4,4,5,5,6,5,6,6,6,8,8,9,9,10,11,10,10,11,11,12,13,14,17,20,20,22,23,24,24,24,24,25,26,27,27,27,26,26,25,30,32,32,32,35,35,35,33,33,33,33,40,42,44,47,49,49,47,47,47
"2258",5993,5,5,7,7,8,9,9,8,8,9,9,8,8,8,8,9,9,10,10,10,10,12,14,14,16,17,18,19,18,19,21,21,21,23,24,30,78,78,79,77,80,81,82,80,83,86,88,88,92,96,98,99,102,111,116,115,120,121,125,131,135,135,142,146,151,157,159,168,171,174,178,185
"2259",5995,3,3,4,4,4,5,5,4,4,5,5,4,4,4,4,5,5,5,5,6,5,6,7,7,8,9,9,10,10,10,11,11,11,12,13,16,27,28,31,31,31,31,33,33,34,35,36,38,39,39,40,38,38,39,42,42,46,48,47,48,50,48,50,49,48,51,51,54,55,54,54,54
"2260",6075,6,6,6,6,6,6,6,5,5,5,5,5,5,5,5,6,6,7,9,8,9,10,11,11,10,11,12,12,11,12,12,12,12,12,12,12,16,16,16,16,16,16,16,18,19,19,19,19,20,24,23,23,25,27,28,26,27,27,28,32,36,39,38,40,42,43,43,44,44,44,44,47
"2261",6077,2,2,2,2,2,2,2,2,2,2,2,2,2,2,2,2,2,3,3,3,3,4,4,4,4,4,4,4,4,4,4,5,5,4,4,4,26,26,33,32,34,36,35,39,45,41,43,43,43,46,49,50,48,51,50,48,49,53,53,54,56,57,56,57,60,63,65,71,71,72,76,78
"2262",6074,1,1,1,1,1,1,1,1,1,1,1,1,1,1,1,1,1,1,1,1,1,1,1,1,1,1,2,2,1,2,2,2,2,1,1,2,43,42,43,43,43,45,47,49,51,53,53,55,59,60,61,65,66,69,73,77,79,82,81,89,91,95,99,103,105,109,108,114,115,121,126,128
"2263",6063,4,4,4,4,4,4,4,3,3,3,3,3,3,3,3,4,4,4,5,5,5,6,7,7,6,7,8,8,7,8,8,8,8,7,7,8,43,46,50,50,50,54,57,62,65,65,65,76,75,78,83,87,85,88,93,102,101,105,105,110,110,113,115,115,119,126,132,134,139,139,142,144
"2264",6065,2,2,2,2,2,2,2,1,1,1,1,1,1,1,1,1,1,2,2,2,2,2,3,3,3,3,3,3,3,3,3,3,3,3,3,3,33,33,34,35,35,37,39,38,39,44,44,45,46,47,49,49,49,56,56,61,66,68,69,70,72,76,81,85,84,89,96,99,102,108,109,114
"2265",6061,4,4,4,4,4,4,4,3,3,3,3,3,3,3,3,4,4,4,5,5,5,6,7,7,6,7,8,8,7,8,8,8,8,7,7,8,46,49,50,52,50,50,51,57,58,60,63,69,72,75,77,80,88,93,95,96,96,100,99,102,106,111,113,118,126,132,142,144,145,149,155,155
"2266",6041,55,57,57,57,59,59,66,55,50,50,57,54,57,65,71,60,60,64,66,66,67,77,78,78,80,81,101,103,104,101,106,111,126,119,119,149,50,50,49,52,78,77,76,79,79,80,82,82,85,85,87,97,105,112,112,114,114,117,121,122,129,127,127,132,130,135,139,139,142,141,143,145
"2267",6042,25,26,26,26,27,27,30,25,22,23,26,24,26,29,32,27,27,29,30,30,30,35,35,35,36,37,46,46,47,45,48,50,57,53,53,67,75,75,76,77,81,84,90,90,91,93,93,98,99,102,106,108,114,121,128,133,136,136,139,146,149,153,159,163,163,170,182,185,190,189,191,195
"2268",6044,1,1,1,1,1,1,1,1,1,1,1,1,1,1,1,1,1,1,1,1,1,1,1,1,1,1,1,1,1,1,1,1,2,2,2,2,19,21,22,22,23,22,23,25,25,25,27,28,28,28,28,32,35,34,35,36,36,37,39,39,37,38,39,41,42,43,48,49,51,54,56,57
"2270",6045,16,17,17,17,18,18,20,17,15,15,17,16,17,19,21,18,18,19,20,20,20,23,23,23,24,24,30,31,31,30,32,33,37,35,35,44,37,38,40,40,40,42,44,48,54,53,55,58,58,60,62,67,68,71,75,77,78,80,84,90,90,92,97,98,97,107,107,109,112,119,122,123
"2271",6049,17,17,17,18,18,18,20,17,15,15,18,16,17,20,22,18,18,19,20,20,20,23,24,24,24,25,31,31,32,31,32,34,38,36,36,45,26,27,28,28,28,30,32,33,34,34,34,36,37,38,43,45,47,48,46,50,51,52,53,55,55,56,58,61,60,60,61,61,62,65,67,68
"2272",6043,18,18,18,19,19,19,21,18,16,16,19,18,19,21,23,20,20,21,21,21,22,25,25,25,26,26,33,33,34,33,34,36,41,38,38,48,58,57,60,61,66,67,67,73,74,79,84,88,93,96,96,101,101,104,107,112,114,119,125,128,137,141,147,155,161,166,170,178,189,201,202,206
"2273",6071,3,3,3,3,3,3,3,3,2,2,3,3,3,3,3,3,3,3,3,3,3,4,4,4,4,4,5,5,5,5,5,5,6,5,5,7,24,24,26,29,27,28,29,29,30,32,34,36,36,36,38,39,38,40,46,45,45,47,49,49,48,49,51,52,53,56,58,59,59,62,61,62
"2276",6351,5,5,5,5,5,5,5,4,4,5,4,4,4,4,4,6,6,6,7,6,6,6,7,7,6,7,8,8,7,7,7,7,7,7,7,10,11,11,11,12,14,14,14,15,16,18,19,21,22,23,26,28,29,32,33,33,33,33,34,36,36,39,37,38,39,41,42,46,45,43,46,47
"2277",6369,1,1,1,1,1,1,1,1,1,1,1,1,1,1,1,1,1,1,1,1,1,1,1,1,1,1,2,2,2,2,2,2,2,1,1,2,4,4,4,4,4,4,4,6,6,8,8,9,10,10,11,12,12,12,12,12,12,13,16,16,15,16,17,19,19,19,21,21,21,21,21,21
"2279",6121,25,28,28,29,29,28,29,30,30,31,32,35,33,35,40,37,38,38,38,39,39,40,40,41,41,41,45,48,44,47,51,51,54,55,57,71,8,8,8,8,8,8,9,9,9,9,10,11,14,15,15,16,17,18,20,22,22,22,22,22,22,23,23,24,23,23,25,24,25,27,28,29
"2280",6122,2,2,2,2,2,2,2,2,2,2,2,2,2,2,3,2,2,2,2,2,3,3,3,3,3,3,3,3,3,3,3,3,3,3,4,5,36,38,40,41,41,42,47,48,51,52,52,53,54,55,56,56,58,60,62,64,65,67,71,73,74,75,82,83,88,88,90,92,96,98,100,100
"2281",6127,2,2,2,2,2,2,2,2,2,2,2,2,2,2,3,2,2,2,2,2,3,3,3,3,3,3,3,3,3,3,3,3,3,3,4,5,1,2,2,2,2,2,2,2,2,2,3,3,3,3,3,3,3,3,3,3,3,3,4,5,5,5,6,6,6,6,7,7,7,8,8,9
"2282",6164,2,3,3,3,3,3,3,3,3,3,3,3,3,3,4,4,4,4,4,4,4,4,4,4,4,4,4,5,4,4,5,5,5,5,5,7,32,32,34,34,35,39,41,42,40,41,43,43,43,44,47,48,51,53,57,57,58,60,64,68,73,77,81,85,87,87,87,89,92,92,97,99
"2283",6131,16,18,18,18,18,18,18,19,19,20,20,22,21,22,25,23,24,24,24,25,25,25,26,26,26,26,28,30,28,30,32,33,34,35,36,45,21,22,22,22,22,22,22,25,28,28,29,31,33,33,35,39,41,43,44,46,45,46,47,51,52,54,55,57,57,60,62,63,66,72,73,75
"2286",6132,2,2,2,2,2,2,2,2,2,2,2,2,2,2,3,2,2,2,2,2,3,3,3,3,3,3,3,3,3,3,3,3,3,3,4,5,1,1,1,1,1,2,2,2,3,3,3,3,3,3,4,4,4,4,4,4,4,4,4,4,4,5,5,5,5,5,4,4,6,7,7,7
"2287",6133,1,1,1,1,1,1,1,1,1,1,1,1,1,1,1,1,1,1,1,1,1,1,1,1,1,1,1,2,1,1,2,2,2,2,2,2,10,10,10,10,10,10,10,10,11,11,11,13,12,12,12,12,13,13,14,14,14,12,12,13,13,13,13,13,14,14,15,16,16,17,17,17
"2289",6134,4,4,4,5,5,5,5,5,5,5,5,6,5,6,6,6,6,6,6,6,6,6,6,7,6,7,7,8,7,7,8,8,9,9,9,11,20,21,21,21,21,21,23,25,25,24,24,24,24,24,26,27,27,29,31,30,31,32,33,34,36,37,39,40,42,45,47,50,50,53,55,55
"2290",6135,34,38,38,39,39,38,39,41,41,42,43,48,45,47,54,50,51,51,52,53,53,54,54,56,55,55,60,64,59,63,69,69,72,74,76,96,2,2,3,3,3,3,3,4,4,5,6,6,6,6,6,6,8,8,8,9,9,11,12,12,12,12,15,17,17,19,35,53,55,55,56,57
"2291",6136,11,13,12,13,13,13,13,13,13,14,14,16,15,15,18,16,17,17,17,17,18,18,18,18,18,18,20,21,19,21,23,23,24,24,25,32,12,12,12,13,14,14,14,16,17,18,18,18,20,20,20,20,21,21,22,21,24,24,26,27,29,29,30,33,33,33,36,36,38,40,40,41
"2292",6137,1,1,1,1,1,1,1,1,1,1,1,1,1,1,1,1,1,1,1,1,1,1,1,1,1,1,1,2,1,1,2,2,2,2,2,2,9,9,10,10,11,11,11,12,12,12,12,12,12,13,13,14,16,19,21,21,21,21,23,23,25,27,28,28,29,29,32,33,35,37,37,38
"2294",6151,1,1,1,1,1,1,1,1,1,1,1,1,1,1,1,1,1,1,1,1,1,1,1,1,1,1,1,2,1,1,2,2,2,2,2,2,42,42,43,42,42,43,46,48,50,52,55,59,59,61,57,58,62,63,65,69,71,75,77,77,78,79,84,87,93,97,98,101,103,108,111,112
"2295",6161,11,12,12,12,12,12,12,13,13,13,14,15,14,15,17,16,16,16,16,17,17,17,17,18,17,18,19,20,19,20,22,22,23,23,24,31,15,15,15,15,16,16,16,16,17,18,18,19,20,21,20,20,22,23,24,25,24,25,26,27,29,31,31,34,36,35,36,37,38,38,38,40
"2297",6162,6,6,6,6,6,6,6,7,7,7,7,8,7,8,9,8,8,8,8,9,9,9,9,9,9,9,10,11,10,10,11,11,12,12,13,16,153,154,157,160,166,178,201,204,204,214,228,236,225,222,259,297,301,302,329,360,373,376,337,338,358,349,381,470,484,502,526,541,545,550,501,501
"2298",6163,19,21,21,21,21,21,21,22,22,23,24,26,25,26,30,28,28,28,29,29,29,30,30,31,30,31,33,35,33,35,38,38,40,41,42,53,17,18,19,20,20,20,20,20,21,21,21,21,21,21,21,22,24,24,26,27,30,29,31,34,35,35,37,38,37,37,39,39,41,40,40,43
"2303",6165,1,1,1,1,1,1,1,1,1,1,1,1,1,1,1,1,1,1,1,1,1,1,1,1,1,1,1,2,1,1,2,2,2,2,2,2,42,43,44,46,48,49,50,52,51,52,56,57,59,60,61,65,69,73,75,77,80,83,83,86,90,90,91,94,96,100,103,108,111,115,120,120
"2304",6166,3,4,4,4,4,4,4,4,4,4,4,4,4,4,5,5,5,5,5,5,5,5,5,5,5,5,6,6,6,6,6,7,7,7,7,9,32,33,35,37,37,37,40,40,42,41,44,47,50,50,51,55,56,55,54,58,60,62,66,69,69,70,74,77,77,82,85,90,95,98,98,99
"2305",6167,12,14,14,14,14,14,14,15,15,15,16,17,16,17,20,18,19,19,19,19,19,20,20,20,20,20,22,23,22,23,25,25,26,27,28,35,21,22,21,22,22,22,24,24,26,30,30,31,32,33,33,38,41,43,44,45,45,45,47,49,52,53,57,59,60,65,68,73,75,80,83,83
"2307",6129,44,44,47,47,47,46,45,41,41,42,39,42,43,44,47,45,44,44,46,41,41,43,45,43,45,47,51,51,50,47,53,54,54,56,60,67,2,2,2,2,2,2,2,2,2,2,2,2,2,2,2,2,2,1,1,3,3,3,3,3,3,3,3,3,3,3,3,3,3,3,3,3
"2308",6171,11,11,11,11,11,11,11,10,10,10,9,10,10,11,11,11,11,11,11,10,10,11,11,11,11,12,13,12,12,12,13,13,13,14,15,16,45,45,45,46,46,48,52,52,54,54,56,58,58,60,60,64,66,71,75,79,79,80,81,83,86,87,89,92,93,97,102,103,105,109,112,111
"2309",6181,10,10,11,11,11,11,11,9,9,10,9,10,10,10,11,10,10,10,11,10,10,10,10,10,10,11,12,12,12,11,12,13,13,13,14,16,17,19,20,21,21,23,26,27,28,28,30,31,31,31,33,36,40,43,46,46,48,50,52,52,58,59,61,62,66,67,69,75,78,80,82,87
"2311",6291,16,16,16,16,16,16,16,16,16,16,16,16,16,17,16,16,16,22,22,21,21,28,28,28,27,28,31,29,26,26,26,26,26,26,26,26,56,60,60,61,63,64,64,64,68,67,68,72,71,69,72,74,74,74,76,77,78,80,83,86,91,92,95,101,100,103,113,120,124,129,135,138
"2312",6294,3,3,3,3,3,3,3,2,2,2,2,2,2,3,2,2,2,3,3,3,3,4,4,4,4,4,5,5,4,4,4,4,4,4,4,4,13,13,13,14,13,14,13,12,14,14,14,15,16,21,20,20,21,21,24,23,25,26,26,29,31,33,34,34,34,34,35,36,37,37,39,40
"2313",6325,2,2,2,2,3,3,3,2,3,3,3,3,3,4,4,4,4,4,4,4,4,5,5,5,5,5,6,6,6,6,6,6,6,6,6,7,33,34,35,34,33,34,42,42,43,43,43,43,43,43,45,48,49,49,51,53,56,59,63,63,62,62,63,65,86,90,92,95,95,99,102,104
"2314",6301,22,22,22,22,26,26,29,24,25,26,29,31,32,39,40,36,38,39,41,37,39,44,46,52,49,52,59,56,56,59,60,61,63,59,60,66,56,57,58,58,61,63,64,64,65,70,73,77,77,81,85,89,93,96,99,99,102,112,120,127,131,136,142,143,145,152,156,158,162,167,171,178
"2315",6305,2,2,2,2,3,3,3,2,3,3,3,3,3,4,4,4,4,4,4,4,4,5,5,5,5,5,6,6,6,6,6,6,6,6,6,7,24,25,26,29,29,29,31,34,36,36,36,43,42,41,43,43,43,46,50,49,53,56,57,59,62,65,69,75,75,81,85,88,91,92,95,96
"2316",6342,0,0,0,0,0,0,0,0,0,0,0,0,0,1,1,1,1,1,1,1,1,1,1,1,1,1,1,1,1,1,1,1,1,1,1,1,31,31,32,33,32,34,35,35,37,38,42,45,44,46,49,49,54,56,59,59,61,65,66,67,67,69,76,78,83,85,94,98,102,109,109,109
"2317",5911,20,22,22,23,23,25,25,23,22,24,25,24,25,28,32,30,31,35,36,36,37,40,42,42,40,41,48,50,53,53,58,59,61,62,68,77,63,63,66,68,66,68,69,72,74,75,77,82,83,85,88,91,90,94,96,100,108,111,113,203,211,219,225,232,240,247,254,259,264,273,274,280
"2318",5913,13,14,15,15,15,16,16,15,14,16,16,16,16,18,21,20,20,22,23,24,24,26,27,27,26,27,31,33,34,34,38,39,40,40,44,50,40,43,43,45,48,49,50,51,52,56,56,57,58,58,59,61,66,67,69,72,77,82,87,90,91,95,102,106,108,110,107,115,117,122,123,128
"2319",5914,12,14,14,14,14,15,16,14,13,15,15,15,16,17,20,19,19,21,22,22,22,25,25,26,24,25,29,31,32,32,36,36,37,38,42,47,44,45,47,47,48,49,56,58,61,63,71,73,73,78,83,91,95,96,103,110,117,116,125,130,130,131,134,140,149,154,154,161,165,169,169,175
"2320",5915,3,3,3,3,3,4,4,3,3,4,4,4,4,4,5,5,5,5,5,5,5,6,6,6,6,6,7,8,8,8,9,9,9,9,10,12,114,113,115,116,120,117,117,123,128,128,129,145,142,141,143,143,146,152,150,155,161,163,165,171,166,165,168,168,172,178,180,181,187,193,196,202
"2321",5912,20,22,22,22,22,24,25,22,21,24,24,24,25,27,31,30,30,34,35,35,36,39,41,41,39,40,47,49,51,52,57,58,60,60,66,75,77,78,82,82,78,78,87,90,87,92,97,133,121,123,128,133,151,163,153,144,154,176,187,182,181,177,169,172,172,179,180,182,196,202,215,223
"2322",5921,4,4,4,4,4,4,4,4,4,4,4,4,4,5,6,5,5,6,6,6,6,7,7,7,7,7,8,9,9,9,10,10,11,11,12,13,33,34,36,37,40,42,48,51,54,55,56,55,56,57,59,59,59,62,64,68,69,71,72,74,79,82,84,88,94,105,115,127,130,130,131,133
"2323",5922,3,3,3,3,3,3,3,3,3,3,3,3,3,3,4,4,4,4,4,5,5,5,5,5,5,5,6,6,7,7,7,7,8,8,8,10,26,28,28,27,25,29,29,30,32,33,34,36,37,41,43,43,42,44,47,48,48,50,48,49,49,50,51,53,56,64,67,66,68,69,73,75
"2324",5923,3,3,3,3,3,3,3,3,3,3,3,3,3,3,4,4,4,4,4,5,5,5,5,5,5,5,6,6,7,7,7,7,8,8,8,10,13,15,15,15,15,17,18,18,19,19,19,19,21,23,22,24,27,31,33,34,38,37,38,37,38,38,42,42,49,50,51,53,54,57,55,58
"2325",5916,16,18,18,18,18,20,20,18,18,19,20,19,20,22,26,24,25,28,29,29,29,32,33,33,32,33,38,40,42,42,46,48,49,50,54,62,43,43,45,46,46,48,53,53,53,54,58,58,60,61,62,65,72,77,79,78,83,86,88,95,101,105,109,114,117,122,125,125,129,128,132,132
"2326",5925,1,1,1,1,1,1,1,1,1,1,1,1,1,1,1,1,1,1,1,1,1,1,1,1,1,1,1,1,1,1,1,1,2,2,2,2,34,36,37,37,38,39,41,44,47,49,53,55,59,61,62,64,65,71,72,72,76,83,88,89,95,98,100,100,105,103,107,112,113,116,117,122
"2327",5926,2,2,2,2,2,2,2,2,2,2,2,2,2,2,2,2,2,3,3,3,3,3,3,3,3,3,4,4,4,4,4,4,5,5,5,6,35,36,36,38,38,42,44,47,50,54,55,59,61,64,67,70,76,77,78,80,84,88,92,96,95,103,107,111,114,118,127,132,132,137,141,141
"2328",5927,1,1,1,1,1,1,1,1,1,1,1,1,1,1,1,1,1,1,1,1,1,1,1,1,1,1,1,1,1,1,1,1,2,2,2,2,73,73,74,74,74,75,77,77,79,79,80,84,87,88,88,92,94,96,97,99,104,106,110,109,110,115,118,122,125,128,131,134,136,134,133,136
"2330",5928,63,69,70,71,71,78,79,71,69,76,77,75,79,86,100,95,97,108,112,113,115,126,130,130,124,129,150,157,165,165,181,186,191,193,212,241,13,13,13,13,13,13,14,14,13,13,14,15,15,14,15,14,14,15,15,15,14,17,17,18,24,25,25,26,27,26,26,26,25,25,25,27
"2331",5931,9,10,10,10,10,11,11,10,10,11,11,11,11,12,14,13,14,15,16,16,16,18,18,18,17,18,21,22,23,23,25,26,27,27,30,34,39,42,42,41,43,46,49,51,55,61,61,63,65,66,66,70,71,76,77,78,80,79,82,86,78,80,81,82,88,91,97,101,106,117,122,121
"2332",5932,3,3,3,3,3,3,3,3,3,3,3,3,3,4,4,4,4,5,5,5,5,6,6,6,5,6,7,7,7,7,8,8,8,9,9,11,25,24,26,26,27,28,26,28,29,28,30,32,35,36,36,36,36,39,40,41,42,44,45,45,46,48,50,51,53,53,56,59,60,64,64,68
"2333",5935,3,3,3,3,3,4,4,3,3,4,4,4,4,4,5,5,5,5,5,5,5,6,6,6,6,6,7,8,8,8,9,9,9,9,10,12,31,32,30,30,30,32,40,49,51,54,54,54,53,54,63,70,69,70,74,75,76,80,85,95,90,89,89,89,90,97,99,100,107,101,107,107
"2334",5941,2,2,2,2,2,2,3,2,2,2,2,2,3,3,3,3,3,3,4,4,4,4,4,4,4,4,5,5,5,5,6,6,6,6,7,8,9,11,12,12,13,13,14,16,17,18,18,20,20,20,19,19,18,18,18,19,22,24,25,26,29,30,32,32,34,35,36,37,36,37,39,40
"2335",5943,2,2,2,2,2,2,2,2,2,2,2,2,2,2,2,2,2,3,3,3,3,3,3,3,3,3,4,4,4,4,4,4,5,5,5,6,18,20,22,22,23,21,21,22,25,26,30,32,32,33,34,34,33,35,38,38,41,43,44,46,49,51,56,57,59,61,65,66,67,70,71,72
"2336",5944,20,23,23,23,23,25,26,23,22,25,25,24,26,28,32,31,32,35,36,37,37,41,42,42,40,42,49,51,53,54,59,60,62,63,69,78,4,5,4,5,5,6,7,7,8,8,8,9,9,9,11,11,11,11,11,12,13,13,13,13,15,15,16,18,19,21,23,24,26,28,30,30
"2337",5951,3,4,4,4,4,4,4,4,4,4,4,4,4,4,5,5,5,6,6,6,6,7,7,7,6,7,8,8,9,9,9,10,10,10,11,13,30,32,32,33,35,37,37,37,39,42,42,42,43,41,41,44,45,45,45,47,50,53,53,52,54,55,57,59,65,67,74,76,78,79,83,82
"2339",5924,1,1,1,1,1,1,1,1,1,1,1,1,1,1,2,2,2,2,2,2,2,2,2,2,2,2,2,3,3,3,3,3,3,3,3,4,10,10,10,10,13,13,15,17,19,22,23,26,27,27,30,31,31,33,33,34,34,38,38,38,42,43,43,44,43,47,47,48,50,49,49,48
"2340",5801,12,13,13,13,13,13,13,12,12,14,14,21,21,21,25,22,20,22,21,22,29,30,31,31,33,33,36,37,38,38,44,45,47,46,45,49,20,25,25,25,28,28,32,34,36,38,40,42,43,43,43,46,47,46,49,49,50,54,56,57,58,62,67,70,76,82,86,92,96,96,99,101
"2341",5802,2,2,2,2,2,2,2,2,2,2,2,3,3,3,4,3,3,3,3,3,4,4,4,4,5,5,5,5,5,5,6,6,7,7,6,7,7,7,7,7,7,10,9,11,12,16,16,16,16,17,17,18,21,23,25,26,28,29,31,31,31,32,36,36,39,42,46,48,48,50,51,53
"2342",5812,0,0,0,0,0,0,0,0,0,0,0,1,1,1,1,1,1,1,1,1,1,1,1,1,1,1,1,1,1,1,2,2,2,2,2,2,12,12,13,14,16,16,17,15,20,23,27,28,28,29,32,32,37,40,43,49,55,56,59,61,63,64,68,70,77,83,84,89,90,97,100,100
"2343",5813,2,2,2,2,2,2,2,2,2,2,2,3,3,3,4,3,3,3,3,3,4,4,4,4,5,5,5,5,5,5,6,6,7,7,6,7,12,14,14,16,16,18,19,20,20,20,20,20,22,23,26,26,28,28,28,28,28,27,27,27,28,28,29,31,33,33,35,35,38,44,46,46
"2344",5814,0,0,0,0,0,0,0,0,0,0,0,1,1,1,1,1,1,1,1,1,1,1,1,1,1,1,1,1,1,1,2,2,2,2,2,2,27,27,28,30,34,34,33,34,36,35,35,37,40,42,45,46,47,48,50,52,56,58,61,62,68,68,72,72,72,71,75,78,81,85,90,91
"2346",5815,0,0,0,0,0,0,0,0,0,0,0,1,1,1,1,1,1,1,1,1,1,1,1,1,1,1,1,1,1,1,2,2,2,2,2,2,4,4,5,5,5,7,7,7,7,7,7,7,7,7,7,7,7,8,9,7,8,9,9,9,8,9,9,11,12,13,13,15,15,15,15,16
"2347",5816,0,0,0,0,0,0,0,0,0,0,0,1,1,1,1,1,1,1,1,1,1,1,1,1,1,1,1,1,1,1,2,2,2,2,2,2,43,43,44,44,44,43,50,50,52,52,54,57,58,59,63,67,71,76,79,77,78,83,86,88,90,97,100,104,108,114,115,117,121,118,120,124
"2348",5817,0,0,0,0,0,0,0,0,0,0,0,1,1,1,1,1,1,1,1,1,1,1,1,1,1,1,1,1,1,1,2,2,2,2,2,2,20,21,21,23,25,26,31,31,31,31,36,37,36,38,38,38,41,44,44,44,45,49,52,54,57,55,55,56,55,56,62,64,68,70,72,72
"2349",5808,1,1,1,1,1,1,1,1,1,1,1,2,2,2,3,2,2,2,2,2,3,3,3,3,4,4,4,4,4,4,5,5,5,5,5,5,15,15,16,17,16,18,24,24,26,26,28,27,27,28,30,31,31,36,36,37,38,38,38,38,39,40,41,43,44,44,46,48,49,50,52,52
"2350",5803,17,18,18,19,19,19,19,17,17,20,20,31,31,30,36,32,29,32,31,32,42,43,45,44,47,48,53,54,55,55,64,66,68,66,65,70,20,21,20,19,20,23,25,28,30,33,33,33,33,36,37,38,39,43,44,42,44,45,47,49,50,50,51,56,59,61,66,66,70,71,72,72
"2351",5804,7,7,7,7,7,7,7,7,6,8,8,12,12,12,14,12,11,12,12,12,16,17,17,17,18,18,20,21,21,21,25,25,26,25,25,27,5,5,5,4,4,4,4,4,5,5,5,5,6,8,9,9,8,9,9,11,12,13,13,13,13,14,14,14,13,13,14,15,17,17,16,16
"2352",5807,8,9,9,9,9,9,9,8,8,9,9,14,15,14,17,15,14,15,15,15,20,20,21,21,22,22,25,25,26,26,30,31,32,31,30,33,27,28,29,30,31,32,35,37,40,40,44,45,49,50,52,53,58,61,65,67,69,73,76,80,85,85,86,89,94,97,103,105,105,108,108,108
"2353",5862,0,0,0,0,0,0,0,0,0,0,0,1,1,1,1,1,1,1,1,1,1,1,1,1,1,1,1,1,1,1,2,2,2,2,2,2,28,28,28,28,28,28,29,33,33,32,32,32,33,35,36,40,41,45,45,46,46,47,51,53,54,57,62,63,68,71,73,78,79,80,81,81
"2354",5809,1,1,1,1,1,1,1,1,1,1,1,2,2,1,2,2,1,2,2,2,2,2,2,2,2,2,3,3,3,3,3,3,3,3,3,3,15,16,16,15,16,15,15,15,15,15,16,18,17,18,16,16,15,15,15,14,15,21,21,21,22,23,24,25,25,27,29,28,27,28,27,27
"2355",5811,1,1,1,1,1,1,1,1,1,1,1,2,2,2,2,2,2,2,2,2,3,3,3,3,3,3,3,3,3,3,4,4,4,4,4,4,0,0,0,0,0,1,1,1,1,1,1,1,1,1,1,1,1,1,2,2,2,3,3,3,4,4,5,7,6,6,6,6,6,6,6,9
"2356",5863,1,1,1,1,1,1,1,1,1,1,1,2,2,1,2,2,1,2,2,2,2,2,2,2,2,2,3,3,3,3,3,3,3,3,3,3,10,11,13,14,14,14,15,15,15,17,19,20,21,21,22,25,25,26,28,30,34,36,37,40,44,46,49,52,55,62,65,68,71,74,74,75
"2380",5861,2,2,2,2,2,2,2,2,2,2,2,3,3,3,4,4,3,4,3,4,5,5,5,5,5,5,6,6,6,6,7,7,8,7,7,8,61,65,65,67,68,70,73,72,75,75,74,74,75,75,76,78,85,86,89,88,90,90,90,93,97,102,105,110,116,117,121,126,125,127,131,131
"2395",6367,8,8,9,9,9,9,10,3,2,2,2,2,2,2,2,2,2,2,2,2,2,2,2,2,2,3,6,6,6,6,6,8,8,12,12,20,39,42,41,42,40,43,44,45,47,50,56,57,63,63,66,67,70,71,74,79,81,84,88,89,92,97,104,104,105,106,107,108,111,113,113,116
"2396",6343,2,2,2,2,2,2,2,1,1,1,1,1,1,1,1,1,1,1,1,1,1,1,1,1,1,1,1,2,2,2,2,2,2,3,3,5,42,41,44,45,44,47,49,51,53,60,61,64,64,64,65,67,68,70,71,75,77,78,79,79,80,80,79,83,87,91,93,95,97,105,107,107
"2397",6001,15,17,16,17,18,19,19,16,17,17,17,18,19,19,21,21,22,26,27,30,30,30,30,30,29,32,36,37,33,32,36,36,41,45,45,48,10,10,11,12,12,14,14,14,14,16,16,17,18,18,19,19,19,19,19,19,19,20,19,19,20,20,21,22,22,22,22,26,28,30,30,32
"2398",6002,14,16,15,16,17,18,18,16,16,16,16,17,18,18,20,20,21,25,25,28,29,29,29,29,27,30,34,35,31,31,34,34,39,42,43,45,7,7,7,5,5,5,5,6,6,6,7,10,11,12,14,14,14,15,19,20,20,19,20,21,27,27,40,41,43,43,43,45,45,46,46,45
"2399",6003,8,9,8,8,9,9,9,8,9,9,9,9,10,10,11,11,11,13,13,15,15,15,15,15,14,16,18,19,17,16,18,18,20,22,23,24,53,54,59,60,59,61,67,66,67,66,71,73,72,75,77,77,78,80,82,82,86,90,96,96,100,100,105,113,119,121,123,128,131,134,136,138
"2400",6004,12,13,13,13,14,15,15,13,14,14,14,14,15,15,17,17,17,20,21,23,24,24,24,24,22,25,28,29,26,26,28,28,32,35,36,37,27,27,27,28,29,28,28,28,29,30,32,34,35,34,35,35,35,36,38,39,41,46,48,50,49,48,49,50,50,52,53,52,53,54,57,60
"2401",6005,3,4,3,4,4,4,4,4,4,4,4,4,4,4,5,5,5,6,6,6,6,6,6,7,6,7,8,8,7,7,8,8,9,10,10,10,34,35,37,38,39,40,45,46,50,50,52,53,54,55,55,55,57,58,62,63,66,72,73,75,80,84,87,93,95,96,103,103,108,107,109,111
"2402",6006,13,14,13,14,15,15,15,14,14,14,14,15,16,16,17,18,18,21,22,24,25,25,25,25,23,26,29,31,27,27,29,30,33,37,37,39,31,33,35,35,37,39,41,41,41,42,42,40,40,40,40,42,43,44,45,47,47,50,48,50,51,51,51,54,58,61,61,61,61,62,64,62
"2403",6039,2,2,2,2,2,2,2,2,2,2,2,2,2,2,2,2,2,3,3,3,3,3,3,3,3,3,4,4,4,3,4,4,4,5,5,5,13,12,12,12,13,13,14,14,14,14,17,17,17,17,18,19,19,19,20,22,22,22,22,22,22,22,23,23,27,27,27,27,27,28,29,30
